2495819
2504978
2522404
2539494
2539497
2558438
2560100
2684937
2754140
2801671
2805637
2828317
2902226
2908200
2949213
3023828
3058243
3109354
3155447
3164509
3186414
3220605
4395367
4407253
4408222
4486120
4511471
4513889
4516999
4517675
4518692
4520032
4522418
4522975
4526185
4526288
4526293
4526499
4527690
4528969
4528990
4530976
4531957
4533808
4534188
4534523
4534880
4535237
4536504
4539621
4540130
4541137
4542094
4542252
4542898
4544234
4552200
4552210
4553119
4553140
4553232
4553575
4553875
4554759
4557469
4558179
4559280
4559282
4560614
4563860
4564688
4565686
4566013
4567263
4567504
4568017
4568032
4568156
4568220
4569602
4570490
4572251
4572632
4573083
4573639
4574236
4574403
4574645
4574668
4574957
4575213
4575448
4576973
4578931
4579045
4579051
4579307
4580676
4581728
4584480
4593762
4596164
4608357
4613319
4614554
4620639
4622590
4631347
4631457
4635465
4635629
2539767
4522160
4531965
4564449
